Webots Project File version R2023b
perspectives: 000000ff00000000fd00000002000000010000022e0000017afc0200000001fb0000001400540065007800740045006400690074006f007201000000160000017a0000008700ffffff000000030000055600000112fc0100000002fb0000001a0043006f006e0073006f006c00650041006c006c0041006c006c0100000000000005560000006900fffffffb0000001a0043006f006e0073006f006c00650041006c006c0041006c006c0100000000000005560000000000000000000003260000017a00000001000000020000000100000008fc00000000
simulationViewPerspectives: 000000ff00000001000000020000010a000001fb0100000002010000000100
sceneTreePerspectives: 000000ff00000001000000030000001e000000c0000000fa0100000002010000000200
minimizedPerspectives: 000000ff00000000fd0000000100000001000002a10000028efc0200000001fc000000160000028e000000a50100001dfa000000000100000002fb0000001a0043006f006e0073006f006c00650041006c006c0041006c006c0100000000ffffffff0000006900fffffffb0000001400540065007800740045006400690074006f007201000002b5000002a10000007700ffffff000002b30000028e00000001000000020000000100000008fc00000000
maximizedDockId: -1
centralWidgetVisible: 1
orthographicViewHeight: 1
textFiles: 0 "rosbot.py" "protos/Rosbot.proto" "protos/Elisa3.proto" "controllers/elisa3/elisa3.c"
consoles: Console:All:All
renderingDevicePerspectives: rosbot:camera depth;1;0.56875;0;0
renderingDevicePerspectives: rosbot:camera rgb;1;0.56875;0;0
