Webots Project File version R2023b
perspectives: 000000ff00000000fd0000000200000001000002a10000018cfc0200000001fb0000001400540065007800740045006400690074006f007201000000160000018c0000008700ffffff000000030000055600000100fc0100000001fb0000001a0043006f006e0073006f006c00650041006c006c0041006c006c0100000000000005560000006900ffffff000002b30000018c00000001000000020000000100000008fc00000000
simulationViewPerspectives: 000000ff0000000100000002000001430000016e0100000002010000000100
sceneTreePerspectives: 000000ff00000001000000030000001e000000c0000000000100000002010000000200
maximizedDockId: -1
centralWidgetVisible: 1
orthographicViewHeight: 1
textFiles: 0 "controllers/rosbot/rosbot.py" "protos/Rosbot.proto" "controllers/elisa3/elisa3.c" "controllers/rosbot/QLearning/HROSbot.py" "protos/Elisa3.proto"
consoles: Console:All:All
renderingDevicePerspectives: rosbot:camera depth;1;0.56875;0;0
renderingDevicePerspectives: rosbot:camera rgb;1;0.56875;0;0
